 
Results Sensor2
06/12/2024 09:29:38
Time[s];Pressure[psi]
0.1;1.49
0.2;1.66
0.3;1.72
0.4;1.83
0.5;1.95
0.6;2.18
0.7;2.63
0.8;4.29
0.9;4.35
1.0;4.12
1.1;3.66
1.2;4.01
1.3;4.58
1.4;6.81
1.5;5.55
1.6;4.87
1.7;5.50
1.8;6.07
1.9;5.21
2.0;5.67
2.1;7.90
2.2;6.58
2.3;3.89
2.4;3.78
2.5;3.72
2.6;4.64
2.7;7.56
2.8;6.35
2.9;3.49
3.0;3.26
3.1;3.49
3.2;5.61
3.3;5.04
3.4;3.66
3.5;3.38
3.6;4.06
3.7;4.46
3.8;3.66
3.9;3.32
4.0;4.12
4.1;4.46
4.2;3.49
4.3;3.72
4.4;4.41
4.5;3.49
4.6;2.69
4.7;1.55
4.8;1.55
No Limits selected
