 
Results Sensor2
06/21/2024 12:59:11
Time[s];Pressure[psi]
0.1;0.57
0.2;0.52
0.3;3.66
0.4;7.16
0.5;11.68
0.6;11.11
0.7;2.58
0.8;0.52
0.9;0.52
1.0;0.69
1.1;5.50
1.2;5.72
1.3;2.12
1.4;1.83
1.5;3.95
1.6;4.75
1.7;1.66
1.8;0.74
1.9;0.80
2.0;0.69
2.1;0.74
2.2;1.20
2.3;3.55
2.4;3.55
2.5;2.06
2.6;1.26
2.7;1.55
2.8;1.26
2.9;1.49
3.0;1.83
3.1;1.89
3.2;1.72
3.3;1.43
3.4;2.23
3.5;2.58
3.6;2.46
3.7;2.06
3.8;1.72
3.9;1.72
4.0;2.06
4.1;2.06
4.2;1.72
4.3;1.72
4.4;1.77
4.5;2.35
4.6;2.29
4.7;2.12
4.8;1.60
4.9;1.32
5.0;1.89
5.1;2.23
5.2;1.77
5.3;1.43
5.4;1.66
5.5;2.06
5.6;1.60
5.7;1.26
5.8;1.14
No Limits selected
