 
Results Sensor2
07/17/2024 09:18:59
Time[s];Pressure[psi]
0.1;0.46
0.2;0.46
0.3;0.40
0.4;0.40
0.5;0.46
0.6;0.40
0.7;0.40
0.8;0.57
0.9;0.69
1.0;0.92
1.1;3.89
1.2;5.09
1.3;5.21
1.4;4.01
1.5;3.43
1.6;3.32
1.7;3.78
1.8;4.52
1.9;3.78
2.0;3.38
2.1;3.89
2.2;3.21
2.3;3.61
2.4;2.98
2.5;3.38
2.6;2.92
2.7;3.03
2.8;2.69
2.9;2.75
3.0;2.29
3.1;2.06
3.2;2.00
3.3;2.06
3.4;1.89
3.5;1.72
3.6;1.66
3.7;1.72
3.8;2.06
3.9;2.23
4.0;2.40
4.1;2.40
4.2;2.80
4.3;2.69
4.4;2.98
4.5;3.26
4.6;3.61
4.7;3.89
4.8;4.29
4.9;4.52
5.0;4.87
5.1;5.21
5.2;5.72
5.3;6.35
5.4;6.70
5.5;6.81
5.6;6.70
5.7;6.58
5.8;6.53
5.9;6.75
6.0;6.81
6.1;7.50
6.2;8.70
6.3;9.33
6.4;9.04
6.5;8.41
6.6;8.41
6.7;8.30
6.8;8.53
6.9;8.70
7.0;9.33
7.1;9.67
7.2;9.90
7.3;10.02
7.4;10.36
7.5;11.16
7.6;10.82
7.7;9.96
7.8;8.01
7.9;5.78
8.0;5.21
No Limits selected
