 
Results Sensor2
08/14/2024 13:22:46
Time[s];Pressure[psi]
0.1;0.52
0.2;0.46
0.3;0.34
0.4;0.46
0.5;0.46
0.6;0.46
0.7;0.46
0.8;0.57
0.9;0.57
1.0;0.52
1.1;0.57
1.2;0.46
1.3;0.34
1.4;0.63
1.5;0.34
1.6;0.63
1.7;0.52
1.8;0.40
1.9;0.46
2.0;0.46
2.1;0.57
2.2;0.46
2.3;0.46
2.4;0.63
2.5;0.46
2.6;0.57
2.7;0.63
2.8;0.52
2.9;0.40
3.0;0.52
3.1;0.57
3.2;0.57
3.3;0.52
3.4;0.46
3.5;0.52
3.6;0.57
3.7;0.52
3.8;0.46
3.9;0.46
4.0;0.52
4.1;0.46
4.2;0.57
4.3;0.52
4.4;0.40
4.5;0.46
4.6;0.46
4.7;0.40
4.8;0.69
4.9;0.57
5.0;0.74
5.1;0.74
5.2;0.74
5.3;0.74
5.4;0.80
5.5;0.69
5.6;0.97
5.7;0.80
5.8;0.92
5.9;0.92
6.0;0.92
6.1;1.03
6.2;0.86
6.3;0.97
6.4;1.09
6.5;1.09
6.6;1.14
6.7;1.20
6.8;1.20
6.9;1.09
7.0;1.20
7.1;1.14
7.2;1.26
7.3;1.43
7.4;1.26
7.5;1.26
7.6;1.43
7.7;1.49
7.8;1.66
7.9;1.55
8.0;1.66
8.1;1.66
8.2;1.77
8.3;1.72
8.4;1.77
8.5;1.77
8.6;1.83
8.7;1.83
8.8;1.95
8.9;1.95
9.0;1.95
9.1;1.89
9.2;1.89
9.3;1.95
9.4;1.95
9.5;2.00
9.6;2.06
9.7;2.12
9.8;2.06
9.9;2.18
10.0;2.29
10.1;2.12
10.2;2.23
10.3;2.23
10.4;2.12
10.5;2.35
10.6;2.40
10.7;2.35
10.8;2.35
10.9;2.29
11.0;2.29
11.1;2.35
11.2;2.29
11.3;2.35
11.4;2.35
11.5;2.58
11.6;2.40
11.7;2.58
11.8;2.58
11.9;2.35
12.0;2.35
12.1;2.58
12.2;2.40
12.3;2.46
12.4;2.58
12.5;2.63
12.6;2.63
12.7;2.52
12.8;2.58
12.9;2.52
13.0;2.58
13.1;2.52
13.2;2.52
13.3;2.52
13.4;2.63
13.5;2.80
13.6;2.46
13.7;2.69
13.8;2.58
13.9;2.75
14.0;2.52
14.1;2.52
14.2;2.69
14.3;2.69
14.4;2.63
14.5;2.63
14.6;2.52
14.7;2.63
14.8;2.63
14.9;2.52
15.0;2.58
15.1;2.75
15.2;2.69
15.3;2.52
15.4;2.58
15.5;2.63
15.6;2.58
15.7;2.63
15.8;2.58
15.9;2.52
16.0;2.63
16.1;2.52
16.2;0.57
16.3;0.57
16.4;0.46
16.5;0.63
16.6;0.46
16.7;0.46
No Limits selected
