 
Results Sensor2
08/15/2024 10:59:08
Time[s];Pressure[psi]
0.1;0.40
0.2;0.52
0.3;0.52
0.4;0.57
0.5;0.46
0.6;0.57
0.7;0.57
0.8;0.52
0.9;0.57
1.0;0.40
1.1;0.52
1.2;0.52
1.3;0.52
1.4;0.46
1.5;0.46
1.6;0.52
1.7;0.57
1.8;0.46
1.9;0.57
2.0;0.63
2.1;0.46
2.2;0.57
2.3;0.52
2.4;0.52
2.5;0.46
2.6;0.46
2.7;0.57
2.8;0.40
2.9;0.46
3.0;0.69
3.1;0.63
3.2;0.57
3.3;0.46
3.4;0.52
3.5;0.52
3.6;0.46
3.7;0.46
3.8;0.52
3.9;0.46
4.0;0.40
4.1;0.52
4.2;0.52
4.3;0.52
4.4;0.46
4.5;0.46
4.6;0.52
4.7;0.34
4.8;0.57
4.9;0.57
5.0;0.52
5.1;0.57
5.2;0.69
5.3;0.57
5.4;0.52
5.5;0.57
5.6;0.57
5.7;0.46
5.8;0.52
5.9;0.57
No Limits selected
