 
Results Sensor2
08/14/2024 14:43:46
Time[s];Pressure[psi]
0.1;0.46
0.2;0.29
0.3;0.57
0.4;0.40
0.5;0.57
0.6;0.57
0.7;0.46
0.8;0.46
0.9;0.52
1.0;0.46
1.1;0.57
1.2;0.46
1.3;0.40
1.4;0.52
1.5;0.29
1.6;0.57
1.7;0.40
1.8;0.52
1.9;0.46
2.0;0.46
2.1;0.52
2.2;0.63
2.3;0.46
2.4;0.34
2.5;0.46
2.6;0.63
2.7;0.40
2.8;0.52
2.9;0.52
3.0;0.57
3.1;0.46
3.2;0.46
3.3;0.52
3.4;0.57
3.5;0.46
3.6;0.52
3.7;0.46
3.8;0.46
3.9;0.46
4.0;0.46
4.1;0.63
4.2;0.46
4.3;0.52
4.4;0.46
4.5;0.57
4.6;0.40
4.7;0.46
4.8;0.52
4.9;0.52
5.0;0.52
5.1;0.52
5.2;0.57
5.3;0.46
5.4;0.57
5.5;0.63
5.6;0.57
5.7;0.63
5.8;0.69
5.9;0.74
6.0;0.57
6.1;0.69
6.2;0.69
6.3;0.69
6.4;0.63
6.5;0.57
6.6;0.80
6.7;0.69
6.8;0.74
6.9;0.86
7.0;0.86
7.1;0.86
7.2;0.80
7.3;0.80
7.4;0.80
7.5;0.69
7.6;0.80
7.7;0.92
7.8;0.92
7.9;0.86
8.0;0.86
8.1;1.09
8.2;1.09
8.3;0.92
8.4;0.86
8.5;1.03
8.6;0.92
8.7;1.03
8.8;0.92
8.9;0.97
9.0;1.09
9.1;1.03
9.2;1.03
9.3;1.09
9.4;0.97
9.5;0.92
9.6;1.14
9.7;1.20
9.8;1.14
9.9;1.03
10.0;1.03
10.1;1.09
10.2;1.14
10.3;1.09
10.4;1.14
10.5;1.09
10.6;1.14
10.7;0.97
10.8;1.14
10.9;1.14
11.0;1.03
11.1;1.20
11.2;1.14
11.3;1.03
11.4;1.14
11.5;1.09
11.6;0.97
11.7;1.03
11.8;1.20
11.9;1.14
12.0;1.03
12.1;1.14
12.2;0.52
12.3;0.46
12.4;0.69
12.5;0.63
12.6;0.29
12.7;0.52
12.8;0.52
12.9;0.40
No Limits selected
