 
Results Sensor2
08/14/2024 10:22:38
Time[s];Pressure[psi]
0.1;0.40
0.2;0.46
0.3;0.57
0.4;0.57
0.5;0.63
0.6;0.46
0.7;0.57
0.8;0.52
0.9;0.52
1.0;0.46
1.1;0.46
1.2;0.52
1.3;0.57
1.4;0.52
1.5;0.46
1.6;0.57
1.7;0.52
1.8;0.57
1.9;0.46
2.0;0.69
2.1;0.40
2.2;0.46
2.3;0.52
2.4;0.52
2.5;0.57
2.6;0.40
2.7;0.57
2.8;0.46
2.9;0.46
3.0;0.52
3.1;0.46
3.2;0.63
3.3;0.63
3.4;0.74
3.5;0.80
3.6;0.97
3.7;0.92
3.8;0.86
3.9;0.80
4.0;0.92
4.1;0.97
4.2;1.03
4.3;1.09
4.4;1.09
4.5;0.97
4.6;1.20
4.7;1.14
4.8;1.20
4.9;1.20
5.0;1.32
5.1;1.43
5.2;1.32
5.3;1.43
5.4;1.43
5.5;1.55
5.6;1.60
5.7;1.60
5.8;1.66
5.9;1.60
6.0;1.66
6.1;1.72
6.2;1.66
6.3;1.72
6.4;1.72
6.5;1.72
6.6;1.77
6.7;1.66
6.8;1.66
6.9;1.89
7.0;1.89
7.1;1.77
7.2;1.77
7.3;1.95
7.4;1.89
7.5;2.00
7.6;2.00
7.7;1.95
7.8;2.00
7.9;1.89
8.0;1.95
8.1;1.95
8.2;2.06
8.3;1.95
8.4;2.12
8.5;2.00
8.6;2.00
8.7;1.95
8.8;2.00
8.9;2.06
9.0;2.18
9.1;2.00
9.2;2.12
9.3;2.23
9.4;2.18
9.5;2.12
9.6;2.35
9.7;2.12
9.8;2.18
9.9;2.23
10.0;2.23
10.1;2.00
10.2;2.12
10.3;2.29
10.4;2.40
10.5;2.18
10.6;2.40
10.7;2.40
10.8;2.29
10.9;2.40
11.0;2.29
11.1;2.46
11.2;2.29
11.3;2.23
11.4;2.29
11.5;2.29
11.6;2.29
11.7;2.29
11.8;2.35
11.9;2.58
12.0;2.23
12.1;2.29
12.2;2.46
12.3;2.40
12.4;2.40
12.5;2.40
12.6;2.46
12.7;2.40
12.8;2.29
12.9;2.40
13.0;2.46
13.1;2.58
13.2;2.46
13.3;2.40
13.4;2.35
13.5;2.35
13.6;2.46
13.7;2.52
13.8;2.35
13.9;2.35
14.0;2.46
14.1;2.46
14.2;2.40
14.3;2.46
14.4;2.35
14.5;2.46
14.6;2.40
14.7;2.35
14.8;2.46
14.9;2.40
15.0;2.35
15.1;2.40
15.2;2.35
15.3;2.46
15.4;2.46
15.5;2.35
15.6;0.46
15.7;0.34
15.8;0.52
15.9;0.52
16.0;0.52
16.1;0.52
16.2;0.57
16.3;0.57
16.4;0.40
16.5;0.57
16.6;0.40
16.7;0.69
16.8;0.57
No Limits selected
