 
Results Sensor2
08/14/2024 09:17:47
Time[s];Pressure[psi]
0.1;0.40
0.2;0.57
0.3;0.69
0.4;0.57
0.5;0.57
0.6;0.74
0.7;0.92
0.8;1.09
0.9;1.26
1.0;1.55
1.1;1.60
1.2;1.66
1.3;1.83
1.4;2.00
1.5;2.00
1.6;2.18
1.7;2.23
1.8;2.12
1.9;2.35
2.0;2.46
2.1;2.40
2.2;2.29
2.3;2.40
2.4;2.40
2.5;2.46
2.6;2.35
2.7;2.58
2.8;2.46
2.9;2.46
3.0;2.35
3.1;2.52
3.2;2.40
3.3;2.46
3.4;2.40
3.5;2.46
3.6;2.58
3.7;2.35
3.8;2.52
3.9;2.52
4.0;2.58
4.1;2.46
4.2;2.46
4.3;2.58
4.4;2.52
4.5;2.58
4.6;2.63
4.7;2.63
4.8;2.80
4.9;2.58
5.0;2.58
5.1;2.69
5.2;2.58
5.3;2.63
5.4;2.63
5.5;2.58
5.6;2.63
5.7;2.86
5.8;2.75
5.9;2.80
6.0;2.75
6.1;2.69
6.2;2.75
6.3;2.75
6.4;2.75
6.5;2.86
6.6;2.92
6.7;2.80
6.8;2.75
6.9;2.69
7.0;2.80
7.1;2.69
7.2;2.86
7.3;2.86
7.4;2.75
7.5;2.75
7.6;2.75
7.7;2.63
7.8;2.75
7.9;2.75
8.0;2.80
8.1;2.86
8.2;2.69
8.3;2.75
8.4;2.69
8.5;2.80
8.6;2.75
8.7;2.75
8.8;2.52
8.9;2.63
9.0;2.69
9.1;2.63
9.2;2.58
9.3;2.63
9.4;2.58
9.5;2.69
9.6;2.58
9.7;2.63
9.8;2.63
9.9;1.72
10.0;0.34
10.1;0.46
10.2;0.52
10.3;0.57
10.4;0.46
10.5;0.52
10.6;0.46
10.7;0.52
10.8;0.52
10.9;0.52
11.0;0.63
11.1;0.63
11.2;0.46
11.3;0.46
No Limits selected
